	S100.8123_S2	S101.8118_S3	S102.8145_S4	S103.8150_S5	S104.8162_S6	S105.8151_S7	S106.8079_S8	S107.8192_S9	S108.8103_S10	S109.8446_S11	S110.8096_S12	S111.8449_S13	S112.8459_S14	S113.8451_S15	S114.8452_S16	S115.8234_S17	S116.8209_S18	S117.8026_S19	S118.8490_S20	S119.8130_S21	S120.8477_S22	S121.8264_S23	S122.8134_S24	S123.8176_S25	S124.8224_S26	S125.8210_S27	S126.8135_S28	S127.8112_S29	S128.8202_S30	S129.8204_S31	S130.8507_S32	S131.8274_S33	S132.8297_S34	S133.8222_S35	S134.8546_S36	S135.8381_S37	S136.8391_S38	S137.8574_S39	S138.8047_S40	S139.8583_S41	S140.8013_S42	S141.8080_S43	S142.8621_S44	S143.8071_S45	S144.8417_S46	S145.8371_S47	S146.8430_S48	S147.8369_S49	S148.8242_S50	S149.8312_S51
S100.8123_S2	0.0	0.17393364928909952	0.1386473429951691	0.16523809523809524	0.16085918854415274	0.14357986027463263	0.11034820990681707	0.12551690586232062	0.11635296993400146	0.17176749703440095	0.1345921084483176	0.14536702767749698	0.14044401544401544	0.2095724907063197	0.14893105933221235	0.14715075739360423	0.16567483932397048	0.14357986027463263	0.1345921084483176	0.12186205215695832	0.17566287878787878	0.13006551807813638	0.1612980195657361	0.14536702767749698	0.1529242569511026	0.1121999020088192	0.17997165800661313	0.1529242569511026	0.15778149653358833	0.12414800389483933	0.14044401544401544	0.17263457434194926	0.17133364973896537	0.11911154503295093	0.13639661426844016	0.1350435624394966	0.12733900364520048	0.2016336056009335	0.1287032540067994	0.24584566355565673	0.16959619952494062	0.15645933014354066	0.1648011431293165	0.16085918854415274	0.13639661426844016	0.14402697495183045	0.14893105933221235	0.22931985294117646	0.1121999020088192	0.19995328194347115
S101.8118_S3	0.17393364928909952	0.0	0.1648011431293165	0.18468786808009424	0.19489341766221596	0.20540288775034932	0.16392661424827257	0.17479867361440077	0.15203836930455636	0.17133364973896537	0.19192867198498356	0.17911153119092627	0.17609467455621303	0.21165003481086098	0.16173664122137404	0.1626132570338579	0.20289179104477612	0.1661113755354593	0.173067804646752	0.15734098517455763	0.19150434170382538	0.17479867361440077	0.17133364973896537	0.18426013195098964	0.20832364566379913	0.15954143778361596	0.18211842415664073	0.17523087852237745	0.19362400375058603	0.16741973840665875	0.15159510674022547	0.18168947616800377	0.17003087152695323	0.1722011385199241	0.1722011385199241	0.15866188769414577	0.1704653371320038	0.19784845650140317	0.15248141932390313	0.254981884057971	0.18980502701432933	0.17954169619655092	0.18937969924812031	0.17089959648706385	0.1704653371320038	0.15954143778361596	0.16785544460294816	0.240237497145467	0.1743662639185027	0.20456663560111835
S102.8145_S4	0.1386473429951691	0.1648011431293165	0.0	0.16829094366531971	0.16916132097885483	0.16085918854415274	0.12460452664881966	0.13323643410852712	0.1341404358353511	0.17393364928909952	0.1350435624394966	0.1538092956396742	0.14981992797118848	0.2016336056009335	0.1529242569511026	0.15469348659003831	0.1834040546911834	0.14759615384615385	0.12779397473275025	0.13684719535783366	0.17263457434194926	0.14759615384615385	0.15469348659003831	0.15469348659003831	0.17695765318192572	0.13368854444175346	0.17954169619655092	0.15778149653358833	0.1773888363292337	0.1417892452375211	0.12824872479961136	0.15998089780324737	0.17003087152695323	0.14044401544401544	0.13684719535783366	0.1417892452375211	0.14759615384615385	0.19192867198498356	0.1381976322783281	0.24144226380648107	0.17868116284566296	0.15954143778361596	0.17997165800661313	0.15866188769414577	0.15115163147792707	0.15248141932390313	0.16348903717826502	0.217441591487393	0.13729755861735557	0.19362400375058603
S103.8150_S5	0.16523809523809524	0.18468786808009424	0.16829094366531971	0.0	0.1881025158711498	0.18254716981132074	0.1390968365129196	0.15822179732313577	0.14759615384615385	0.18426013195098964	0.17566287878787878	0.173067804646752	0.17868116284566296	0.1991119420425333	0.1626132570338579	0.16785544460294816	0.20205319645356976	0.16959619952494062	0.15469348659003831	0.13323643410852712	0.17609467455621303	0.15822179732313577	0.1722011385199241	0.17133364973896537	0.19658319681722444	0.14715075739360423	0.18725005880969184	0.18639679924688163	0.18937969924812031	0.16042014800668417	0.1648011431293165	0.16785544460294816	0.17003087152695323	0.15734098517455763	0.17479867361440077	0.14893105933221235	0.1626132570338579	0.22524182404421925	0.14804133621725546	0.237419945105215	0.19150434170382538	0.17003087152695323	0.19616104868913858	0.1648011431293165	0.173067804646752	0.17089959648706385	0.1704653371320038	0.2223760092272203	0.15513526454393106	0.19277673545966229
S104.8162_S6	0.16085918854415274	0.19489341766221596	0.16916132097885483	0.1881025158711498	0.0	0.17911153119092627	0.14357986027463263	0.1555768310196266	0.1529242569511026	0.19953271028037384	0.1669838249286394	0.17997165800661313	0.17609467455621303	0.22565047202394659	0.16959619952494062	0.173067804646752	0.19277673545966229	0.1773888363292337	0.1626132570338579	0.1529242569511026	0.19573870287988762	0.16523809523809524	0.18083097261567516	0.1669838249286394	0.18725005880969184	0.15248141932390313	0.1974269005847953	0.16916132097885483	0.18937969924812031	0.15690026309495336	0.17003087152695323	0.19107981220657277	0.1881025158711498	0.15734098517455763	0.16436398284897571	0.16217505366086335	0.16785544460294816	0.22524182404421925	0.15954143778361596	0.26363226678684093	0.19065508335289974	0.17781981555923387	0.18852844381758346	0.18725005880969184	0.17566287878787878	0.17176749703440095	0.18083097261567516	0.24104085825154076	0.15248141932390313	0.22196585140747577
S105.8151_S7	0.14357986027463263	0.20540288775034932	0.16085918854415274	0.18254716981132074	0.17911153119092627	0.0	0.11681329423264906	0.12277710109622411	0.13729755861735557	0.19573870287988762	0.14357986027463263	0.17089959648706385	0.15645933014354066	0.22442396313364055	0.17263457434194926	0.16829094366531971	0.17523087852237745	0.15425149700598803	0.14893105933221235	0.14268498433357435	0.19700514740290126	0.15070794336453083	0.17523087852237745	0.15866188769414577	0.16348903717826502	0.12961165048543688	0.21455050973123263	0.16959619952494062	0.16916132097885483	0.12506082725060827	0.16348903717826502	0.19573870287988762	0.19531615925058549	0.14447387430772934	0.14536702767749698	0.15645933014354066	0.14715075739360423	0.228912893587681	0.1538092956396742	0.2648052240486377	0.19784845650140317	0.1669838249286394	0.18980502701432933	0.18083097261567516	0.15778149653358833	0.16872623574144488	0.17954169619655092	0.23822588020118884	0.12048780487804878	0.21908943840998382
S106.8079_S8	0.11034820990681707	0.16392661424827257	0.12460452664881966	0.1390968365129196	0.14357986027463263	0.11681329423264906	0.0	0.07830423940149626	0.09351806036615537	0.16348903717826502	0.1121999020088192	0.1287032540067994	0.12733900364520048	0.17609467455621303	0.13594581519109822	0.12961165048543688	0.15115163147792707	0.1149706457925636	0.10383858267716535	0.09446092977250248	0.15513526454393106	0.11034820990681707	0.12688381137579	0.12506082725060827	0.14089264173703256	0.08641668736031785	0.15866188769414577	0.12915756251517357	0.14402697495183045	0.09115679960366609	0.114509420112552	0.15115163147792707	0.14536702767749698	0.10197044334975369	0.10290497291974397	0.114509420112552	0.11127450980392156	0.19277673545966229	0.09681402815510003	0.2162037037037037	0.16392661424827257	0.1417892452375211	0.15469348659003831	0.14536702767749698	0.12506082725060827	0.13368854444175346	0.1350435624394966	0.1982698152910919	0.08641668736031785	0.1722011385199241
S107.8192_S9	0.12551690586232062	0.17479867361440077	0.13323643410852712	0.15822179732313577	0.1555768310196266	0.12277710109622411	0.07830423940149626	0.0	0.10895705521472393	0.17781981555923387	0.12460452664881966	0.14447387430772934	0.13954611298889424	0.1876763875823142	0.15070794336453083	0.14893105933221235	0.1648011431293165	0.13278410467652046	0.12460452664881966	0.11266225814352192	0.17133364973896537	0.1264283977631899	0.1345921084483176	0.13729755861735557	0.1555768310196266	0.10197044334975369	0.17997165800661313	0.14402697495183045	0.15513526454393106	0.10197044334975369	0.12961165048543688	0.16217505366086335	0.16173664122137404	0.12186205215695832	0.1080284802356985	0.13051916545366327	0.13006551807813638	0.20331079505712288	0.11773326819736199	0.2337840935136374	0.17911153119092627	0.16085918854415274	0.16916132097885483	0.16173664122137404	0.13549479796757802	0.14313253012048194	0.15425149700598803	0.21289424860853431	0.10009861932938856	0.18725005880969184
S108.8103_S10	0.11635296993400146	0.15203836930455636	0.1341404358353511	0.14759615384615385	0.1529242569511026	0.13729755861735557	0.09351806036615537	0.10895705521472393	0.0	0.15425149700598803	0.13368854444175346	0.13187878787878787	0.1377477042049299	0.18168947616800377	0.12733900364520048	0.12002927543303245	0.1630512514898689	0.12551690586232062	0.11266225814352192	0.1005669213704708	0.16085918854415274	0.11727339359882727	0.13278410467652046	0.1264283977631899	0.1467051467051467	0.09351806036615537	0.15645933014354066	0.13954611298889424	0.15159510674022547	0.10290497291974397	0.12506082725060827	0.15070794336453083	0.14581328200192492	0.10616859179159499	0.12460452664881966	0.10663390663390664	0.10523727563314482	0.18980502701432933	0.10849288168875798	0.22728318380492293	0.1626132570338579	0.14402697495183045	0.15248141932390313	0.1350435624394966	0.12277710109622411	0.13233155598642754	0.1390968365129196	0.2095724907063197	0.10197044334975369	0.16916132097885483
S109.8446_S11	0.17176749703440095	0.17133364973896537	0.17393364928909952	0.18426013195098964	0.19953271028037384	0.19573870287988762	0.16348903717826502	0.17781981555923387	0.15425149700598803	0.0	0.17868116284566296	0.17781981555923387	0.1773888363292337	0.2227859778597786	0.16741973840665875	0.17003087152695323	0.21081959600650105	0.16741973840665875	0.16392661424827257	0.15601818616893995	0.1944704779756326	0.17523087852237745	0.18468786808009424	0.18211842415664073	0.20372960372960372	0.16173664122137404	0.2012138188608777	0.18852844381758346	0.19404734005155846	0.1765262659725509	0.17393364928909952	0.1889541715628672	0.17911153119092627	0.1735008295804693	0.18468786808009424	0.1555768310196266	0.1648011431293165	0.22073424151466173	0.15734098517455763	0.2679253764890987	0.19362400375058603	0.18083097261567516	0.19404734005155846	0.17566287878787878	0.16654770402093744	0.16959619952494062	0.17781981555923387	0.24224452554744524	0.1722011385199241	0.2099883855981417
S110.8096_S12	0.1345921084483176	0.19192867198498356	0.1350435624394966	0.17566287878787878	0.1669838249286394	0.14357986027463263	0.1121999020088192	0.12460452664881966	0.13368854444175346	0.17868116284566296	0.0	0.15778149653358833	0.1529242569511026	0.21123491179201487	0.16741973840665875	0.1630512514898689	0.17176749703440095	0.14893105933221235	0.12186205215695832	0.1309725927722532	0.17479867361440077	0.1417892452375211	0.16916132097885483	0.14447387430772934	0.15822179732313577	0.1287032540067994	0.18937969924812031	0.16085918854415274	0.16392661424827257	0.1341404358353511	0.1529242569511026	0.17609467455621303	0.1773888363292337	0.13729755861735557	0.14447387430772934	0.14313253012048194	0.14357986027463263	0.2215555042695592	0.1377477042049299	0.2522113858017691	0.18168947616800377	0.1661113755354593	0.18725005880969184	0.17825059101654847	0.15690026309495336	0.15645933014354066	0.16567483932397048	0.22687528762080073	0.13051916545366327	0.1982698152910919
S111.8449_S13	0.14536702767749698	0.17911153119092627	0.1538092956396742	0.173067804646752	0.17997165800661313	0.17089959648706385	0.1287032540067994	0.14447387430772934	0.13187878787878787	0.17781981555923387	0.15778149653358833	0.0	0.16348903717826502	0.19700514740290126	0.16217505366086335	0.16042014800668417	0.18725005880969184	0.15425149700598803	0.15248141932390313	0.1345921084483176	0.16959619952494062	0.14357986027463263	0.1648011431293165	0.1612980195657361	0.17393364928909952	0.13594581519109822	0.1876763875823142	0.1669838249286394	0.16567483932397048	0.14402697495183045	0.15203836930455636	0.17003087152695323	0.16872623574144488	0.14804133621725546	0.15336688233884496	0.14134105161601543	0.14357986027463263	0.2099883855981417	0.13594581519109822	0.24104085825154076	0.17997165800661313	0.16348903717826502	0.18468786808009424	0.16348903717826502	0.1630512514898689	0.1502640422467595	0.15248141932390313	0.2227859778597786	0.14223722275795564	0.18980502701432933
S112.8459_S14	0.14044401544401544	0.17609467455621303	0.14981992797118848	0.17868116284566296	0.17609467455621303	0.15645933014354066	0.12733900364520048	0.13954611298889424	0.1377477042049299	0.1773888363292337	0.1529242569511026	0.16348903717826502	0.0	0.21661652395278871	0.16085918854415274	0.15998089780324737	0.17825059101654847	0.14848630466122056	0.14402697495183045	0.14134105161601543	0.17781981555923387	0.14492055849783342	0.1661113755354593	0.16085918854415274	0.1735008295804693	0.13639661426844016	0.1889541715628672	0.16392661424827257	0.16872623574144488	0.13278410467652046	0.14268498433357435	0.17566287878787878	0.17781981555923387	0.14313253012048194	0.14848630466122056	0.13999517258025584	0.14134105161601543	0.20707305723592367	0.14089264173703256	0.25102133454380393	0.18211842415664073	0.16567483932397048	0.1834040546911834	0.16741973840665875	0.14492055849783342	0.1612980195657361	0.16173664122137404	0.23459335624284078	0.1345921084483176	0.20037365716954694
S113.8451_S15	0.2095724907063197	0.21165003481086098	0.2016336056009335	0.1991119420425333	0.22565047202394659	0.22442396313364055	0.17609467455621303	0.1876763875823142	0.18168947616800377	0.2227859778597786	0.21123491179201487	0.19700514740290126	0.21661652395278871	0.0	0.20205319645356976	0.20623836126629422	0.24624487938097406	0.20456663560111835	0.1876763875823142	0.15998089780324737	0.21165003481086098	0.19107981220657277	0.1538092956396742	0.2095724907063197	0.23459335624284078	0.18126032570214776	0.19320046893317702	0.21661652395278871	0.23256880733944954	0.1881025158711498	0.18639679924688163	0.16523809523809524	0.17523087852237745	0.20289179104477612	0.2012138188608777	0.18468786808009424	0.2012138188608777	0.25339981867633726	0.1648011431293165	0.19953271028037384	0.2231957574360157	0.21826589595375723	0.2227859778597786	0.18639679924688163	0.21206496519721577	0.20749011397999534	0.20289179104477612	0.22401474994238305	0.19489341766221596	0.1661113755354593
S114.8452_S16	0.14893105933221235	0.16173664122137404	0.1529242569511026	0.1626132570338579	0.16959619952494062	0.17263457434194926	0.13594581519109822	0.15070794336453083	0.12733900364520048	0.16741973840665875	0.16741973840665875	0.16217505366086335	0.16085918854415274	0.20205319645356976	0.0	0.1390968365129196	0.18468786808009424	0.15248141932390313	0.14089264173703256	0.12733900364520048	0.18168947616800377	0.14357986027463263	0.16217505366086335	0.14536702767749698	0.17997165800661313	0.13594581519109822	0.1773888363292337	0.15645933014354066	0.17263457434194926	0.13954611298889424	0.14313253012048194	0.16829094366531971	0.15998089780324737	0.14536702767749698	0.14625932162617272	0.1350435624394966	0.15159510674022547	0.19404734005155846	0.13954611298889424	0.24344654661499887	0.1773888363292337	0.15645933014354066	0.16392661424827257	0.1529242569511026	0.14981992797118848	0.15115163147792707	0.15425149700598803	0.22769089236430542	0.14581328200192492	0.1974269005847953
S115.8234_S17	0.14715075739360423	0.1626132570338579	0.15469348659003831	0.16785544460294816	0.173067804646752	0.16829094366531971	0.12961165048543688	0.14893105933221235	0.12002927543303245	0.17003087152695323	0.1630512514898689	0.16042014800668417	0.15998089780324737	0.20623836126629422	0.1390968365129196	0.0	0.18383219420221542	0.14893105933221235	0.13549479796757802	0.12186205215695832	0.185969868173258	0.1390968365129196	0.15866188769414577	0.14715075739360423	0.18083097261567516	0.12961165048543688	0.1704653371320038	0.16348903717826502	0.17781981555923387	0.14044401544401544	0.14581328200192492	0.16741973840665875	0.16872623574144488	0.13729755861735557	0.15248141932390313	0.13323643410852712	0.1390968365129196	0.20414821719878817	0.13233155598642754	0.2450466864040082	0.17566287878787878	0.1661113755354593	0.16567483932397048	0.1529242569511026	0.14715075739360423	0.14848630466122056	0.15336688233884496	0.22605893186003684	0.14402697495183045	0.19489341766221596
S116.8209_S18	0.16567483932397048	0.20289179104477612	0.1834040546911834	0.20205319645356976	0.19277673545966229	0.17523087852237745	0.15115163147792707	0.1648011431293165	0.1630512514898689	0.21081959600650105	0.17176749703440095	0.18725005880969184	0.17825059101654847	0.24624487938097406	0.18468786808009424	0.18383219420221542	0.0	0.18126032570214776	0.17609467455621303	0.17176749703440095	0.20037365716954694	0.17176749703440095	0.19235280319024162	0.17609467455621303	0.185969868173258	0.15998089780324737	0.21785383903792785	0.1669838249286394	0.18468786808009424	0.1502640422467595	0.1765262659725509	0.21579069228988193	0.21123491179201487	0.1735008295804693	0.16217505366086335	0.1765262659725509	0.18126032570214776	0.2394334018734293	0.17393364928909952	0.2825941609092935	0.21289424860853431	0.185969868173258	0.20832364566379913	0.19531615925058549	0.17695765318192572	0.18083097261567516	0.18040141676505314	0.25971093044263777	0.15998089780324737	0.24184348619666896
S117.8026_S19	0.14357986027463263	0.1661113755354593	0.14759615384615385	0.16959619952494062	0.1773888363292337	0.15425149700598803	0.1149706457925636	0.13278410467652046	0.12551690586232062	0.16741973840665875	0.14893105933221235	0.15425149700598803	0.14848630466122056	0.20456663560111835	0.15248141932390313	0.14893105933221235	0.18126032570214776	0.0	0.13549479796757802	0.12551690586232062	0.16959619952494062	0.14625932162617272	0.15513526454393106	0.15778149653358833	0.1704653371320038	0.12048780487804878	0.17997165800661313	0.15822179732313577	0.17089959648706385	0.1259727626459144	0.13684719535783366	0.1735008295804693	0.16348903717826502	0.13006551807813638	0.14089264173703256	0.14313253012048194	0.1345921084483176	0.20331079505712288	0.13051916545366327	0.2474414373436434	0.17997165800661313	0.16173664122137404	0.17695765318192572	0.15910176779741997	0.13999517258025584	0.14223722275795564	0.1648011431293165	0.22931985294117646	0.12961165048543688	0.1974269005847953
S118.8490_S20	0.1345921084483176	0.173067804646752	0.12779397473275025	0.15469348659003831	0.1626132570338579	0.14893105933221235	0.10383858267716535	0.12460452664881966	0.11266225814352192	0.16392661424827257	0.12186205215695832	0.15248141932390313	0.14402697495183045	0.1876763875823142	0.14089264173703256	0.13549479796757802	0.17609467455621303	0.13549479796757802	0.0	0.11543164587918807	0.1669838249286394	0.1309725927722532	0.1417892452375211	0.14268498433357435	0.16085918854415274	0.1075638506876228	0.173067804646752	0.1529242569511026	0.1630512514898689	0.1149706457925636	0.1259727626459144	0.15513526454393106	0.15734098517455763	0.12460452664881966	0.13368854444175346	0.12506082725060827	0.13006551807813638	0.19573870287988762	0.12231968810916179	0.23135184760156072	0.16872623574144488	0.15734098517455763	0.1735008295804693	0.1493756003842459	0.13278410467652046	0.14492055849783342	0.14625932162617272	0.21785383903792785	0.12506082725060827	0.17609467455621303
S119.8130_S21	0.12186205215695832	0.15734098517455763	0.13684719535783366	0.13323643410852712	0.1529242569511026	0.14268498433357435	0.09446092977250248	0.11266225814352192	0.1005669213704708	0.15601818616893995	0.1309725927722532	0.1345921084483176	0.14134105161601543	0.15998089780324737	0.12733900364520048	0.12186205215695832	0.17176749703440095	0.12551690586232062	0.11543164587918807	0.0	0.14492055849783342	0.1117373192844891	0.12551690586232062	0.1309725927722532	0.15910176779741997	0.10290497291974397	0.15115163147792707	0.14313253012048194	0.14981992797118848	0.1149706457925636	0.11681329423264906	0.13187878787878787	0.13323643410852712	0.11358629130966952	0.13006551807813638	0.10383858267716535	0.12551690586232062	0.19320046893317702	0.10009861932938856	0.2049848590729094	0.15822179732313577	0.14313253012048194	0.15070794336453083	0.13142580019398642	0.13549479796757802	0.1341404358353511	0.13187878787878787	0.19192867198498356	0.11127450980392156	0.14893105933221235
S120.8477_S22	0.17566287878787878	0.19150434170382538	0.17263457434194926	0.17609467455621303	0.19573870287988762	0.19700514740290126	0.15513526454393106	0.17133364973896537	0.16085918854415274	0.1944704779756326	0.17479867361440077	0.16959619952494062	0.17781981555923387	0.21165003481086098	0.18168947616800377	0.185969868173258	0.20037365716954694	0.16959619952494062	0.1669838249286394	0.14492055849783342	0.0	0.16523809523809524	0.17911153119092627	0.17479867361440077	0.19573870287988762	0.16042014800668417	0.19150434170382538	0.18126032570214776	0.1834040546911834	0.1612980195657361	0.15954143778361596	0.16785544460294816	0.18639679924688163	0.16959619952494062	0.18254716981132074	0.15954143778361596	0.1773888363292337	0.231757687012391	0.15513526454393106	0.24224452554744524	0.18554273604897575	0.17263457434194926	0.20205319645356976	0.17954169619655092	0.1868235294117647	0.1648011431293165	0.173067804646752	0.21661652395278871	0.17263457434194926	0.20289179104477612
S121.8264_S23	0.13006551807813638	0.17479867361440077	0.14759615384615385	0.15822179732313577	0.16523809523809524	0.15070794336453083	0.11034820990681707	0.1264283977631899	0.11727339359882727	0.17523087852237745	0.1417892452375211	0.14357986027463263	0.14492055849783342	0.19107981220657277	0.14357986027463263	0.1390968365129196	0.17176749703440095	0.14625932162617272	0.1309725927722532	0.1117373192844891	0.16523809523809524	0.0	0.15336688233884496	0.13368854444175346	0.16785544460294816	0.1149706457925636	0.17133364973896537	0.15734098517455763	0.1612980195657361	0.12048780487804878	0.14044401544401544	0.15954143778361596	0.16348903717826502	0.12369125882639397	0.13368854444175346	0.12323429128105212	0.13187878787878787	0.20414821719878817	0.12231968810916179	0.2337840935136374	0.1704653371320038	0.15469348659003831	0.16042014800668417	0.15469348659003831	0.14268498433357435	0.1386473429951691	0.14268498433357435	0.21455050973123263	0.12048780487804878	0.18383219420221542
S122.8134_S24	0.1612980195657361	0.17133364973896537	0.15469348659003831	0.1722011385199241	0.18083097261567516	0.17523087852237745	0.12688381137579	0.1345921084483176	0.13278410467652046	0.18468786808009424	0.16916132097885483	0.1648011431293165	0.1661113755354593	0.1538092956396742	0.16217505366086335	0.15866188769414577	0.19235280319024162	0.15513526454393106	0.1417892452375211	0.12551690586232062	0.17911153119092627	0.15336688233884496	0.0	0.15513526454393106	0.19277673545966229	0.13594581519109822	0.17133364973896537	0.15998089780324737	0.19065508335289974	0.13233155598642754	0.13142580019398642	0.14447387430772934	0.15203836930455636	0.15159510674022547	0.14268498433357435	0.14492055849783342	0.15778149653358833	0.20749011397999534	0.12688381137579	0.19235280319024162	0.18937969924812031	0.1765262659725509	0.18383219420221542	0.15734098517455763	0.16042014800668417	0.1626132570338579	0.16217505366086335	0.19953271028037384	0.14759615384615385	0.16916132097885483
S123.8176_S25	0.14536702767749698	0.18426013195098964	0.15469348659003831	0.17133364973896537	0.1669838249286394	0.15866188769414577	0.12506082725060827	0.13729755861735557	0.1264283977631899	0.18211842415664073	0.14447387430772934	0.1612980195657361	0.16085918854415274	0.2095724907063197	0.14536702767749698	0.14715075739360423	0.17609467455621303	0.15778149653358833	0.14268498433357435	0.1309725927722532	0.17479867361440077	0.13368854444175346	0.15513526454393106	0.0	0.17997165800661313	0.1259727626459144	0.18254716981132074	0.1538092956396742	0.17003087152695323	0.1386473429951691	0.15469348659003831	0.17523087852237745	0.1773888363292337	0.14089264173703256	0.15159510674022547	0.1377477042049299	0.14357986027463263	0.2141367323290846	0.14044401544401544	0.24184348619666896	0.18083097261567516	0.1538092956396742	0.17263457434194926	0.16085918854415274	0.15070794336453083	0.1502640422467595	0.15866188769414577	0.22442396313364055	0.13684719535783366	0.1974269005847953
S124.8224_S26	0.1529242569511026	0.20832364566379913	0.17695765318192572	0.19658319681722444	0.18725005880969184	0.16348903717826502	0.14089264173703256	0.1555768310196266	0.1467051467051467	0.20372960372960372	0.15822179732313577	0.17393364928909952	0.1735008295804693	0.23459335624284078	0.17997165800661313	0.18083097261567516	0.185969868173258	0.1704653371320038	0.16085918854415274	0.15910176779741997	0.19573870287988762	0.16785544460294816	0.19277673545966229	0.17997165800661313	0.0	0.14536702767749698	0.20749011397999534	0.16829094366531971	0.17393364928909952	0.15425149700598803	0.17868116284566296	0.20289179104477612	0.2049848590729094	0.15998089780324737	0.16959619952494062	0.17003087152695323	0.16436398284897571	0.2333791838606144	0.16392661424827257	0.27529095792300806	0.1974269005847953	0.18383219420221542	0.19616104868913858	0.18725005880969184	0.1704653371320038	0.18040141676505314	0.1868235294117647	0.24903431038400364	0.14715075739360423	0.22931985294117646
S125.8210_S27	0.1121999020088192	0.15954143778361596	0.13368854444175346	0.14715075739360423	0.15248141932390313	0.12961165048543688	0.08641668736031785	0.10197044334975369	0.09351806036615537	0.16173664122137404	0.1287032540067994	0.13594581519109822	0.13639661426844016	0.18126032570214776	0.13594581519109822	0.12961165048543688	0.15998089780324737	0.12048780487804878	0.1075638506876228	0.10290497291974397	0.16042014800668417	0.1149706457925636	0.13594581519109822	0.1259727626459144	0.14536702767749698	0.0	0.1612980195657361	0.14357986027463263	0.1529242569511026	0.10243782319625708	0.11819291819291819	0.1538092956396742	0.14715075739360423	0.10383858267716535	0.1121999020088192	0.11819291819291819	0.1158924205378973	0.19192867198498356	0.10616859179159499	0.21950092421441775	0.1612980195657361	0.14536702767749698	0.1529242569511026	0.14625932162617272	0.12323429128105212	0.12551690586232062	0.14402697495183045	0.20749011397999534	0.09493201483312731	0.173067804646752
S126.8135_S28	0.17997165800661313	0.18211842415664073	0.17954169619655092	0.18725005880969184	0.1974269005847953	0.21455050973123263	0.15866188769414577	0.17997165800661313	0.15645933014354066	0.2012138188608777	0.18937969924812031	0.1876763875823142	0.1889541715628672	0.19320046893317702	0.1773888363292337	0.1704653371320038	0.21785383903792785	0.17997165800661313	0.173067804646752	0.15115163147792707	0.19150434170382538	0.17133364973896537	0.17133364973896537	0.18254716981132074	0.20749011397999534	0.1612980195657361	0.0	0.19065508335289974	0.2012138188608777	0.17695765318192572	0.17523087852237745	0.17911153119092627	0.16654770402093744	0.1722011385199241	0.1876763875823142	0.15954143778361596	0.17566287878787878	0.2285057471264368	0.14447387430772934	0.23418881759853347	0.19489341766221596	0.1881025158711498	0.19700514740290126	0.16741973840665875	0.1868235294117647	0.17868116284566296	0.1765262659725509	0.23053960964408726	0.17868116284566296	0.19869097709209912
S127.8112_S29	0.1529242569511026	0.17523087852237745	0.15778149653358833	0.18639679924688163	0.16916132097885483	0.16959619952494062	0.12915756251517357	0.14402697495183045	0.13954611298889424	0.18852844381758346	0.16085918854415274	0.1669838249286394	0.16392661424827257	0.21661652395278871	0.15645933014354066	0.16348903717826502	0.1669838249286394	0.15822179732313577	0.1529242569511026	0.14313253012048194	0.18126032570214776	0.15734098517455763	0.15998089780324737	0.1538092956396742	0.16829094366531971	0.14357986027463263	0.19065508335289974	0.0	0.1722011385199241	0.13639661426844016	0.14536702767749698	0.18511540273198304	0.18554273604897575	0.15998089780324737	0.14492055849783342	0.15601818616893995	0.15645933014354066	0.2087401208740121	0.14625932162617272	0.2526077097505669	0.18639679924688163	0.15690026309495336	0.1868235294117647	0.17523087852237745	0.16173664122137404	0.14804133621725546	0.1626132570338579	0.22972662531587412	0.15070794336453083	0.2087401208740121
S128.8202_S30	0.15778149653358833	0.19362400375058603	0.1773888363292337	0.18937969924812031	0.18937969924812031	0.16916132097885483	0.14402697495183045	0.15513526454393106	0.15159510674022547	0.19404734005155846	0.16392661424827257	0.16567483932397048	0.16872623574144488	0.23256880733944954	0.17263457434194926	0.17781981555923387	0.18468786808009424	0.17089959648706385	0.1630512514898689	0.14981992797118848	0.1834040546911834	0.1612980195657361	0.19065508335289974	0.17003087152695323	0.17393364928909952	0.1529242569511026	0.2012138188608777	0.1722011385199241	0.0	0.1529242569511026	0.1661113755354593	0.19235280319024162	0.19192867198498356	0.1612980195657361	0.16741973840665875	0.15734098517455763	0.1630512514898689	0.22646720368239356	0.15822179732313577	0.26714639082527547	0.19192867198498356	0.1704653371320038	0.1991119420425333	0.18254716981132074	0.17176749703440095	0.16436398284897571	0.17003087152695323	0.24144226380648107	0.15203836930455636	0.2141367323290846
S129.8204_S31	0.12414800389483933	0.16741973840665875	0.1417892452375211	0.16042014800668417	0.15690026309495336	0.12506082725060827	0.09115679960366609	0.10197044334975369	0.10290497291974397	0.1765262659725509	0.1341404358353511	0.14402697495183045	0.13278410467652046	0.1881025158711498	0.13954611298889424	0.14044401544401544	0.1502640422467595	0.1259727626459144	0.1149706457925636	0.1149706457925636	0.1612980195657361	0.12048780487804878	0.13233155598642754	0.1386473429951691	0.15425149700598803	0.10243782319625708	0.17695765318192572	0.13639661426844016	0.1529242569511026	0.0	0.12186205215695832	0.16348903717826502	0.16217505366086335	0.12140419307654803	0.11034820990681707	0.1264283977631899	0.12140419307654803	0.18937969924812031	0.1264283977631899	0.23094582185491278	0.17089959648706385	0.14804133621725546	0.16785544460294816	0.15866188769414577	0.1259727626459144	0.1390968365129196	0.1493756003842459	0.21165003481086098	0.10337189269013045	0.18511540273198304
S130.8507_S32	0.14044401544401544	0.15159510674022547	0.12824872479961136	0.1648011431293165	0.17003087152695323	0.16348903717826502	0.114509420112552	0.12961165048543688	0.12506082725060827	0.17393364928909952	0.1529242569511026	0.15203836930455636	0.14268498433357435	0.18639679924688163	0.14313253012048194	0.14581328200192492	0.1765262659725509	0.13684719535783366	0.1259727626459144	0.11681329423264906	0.15954143778361596	0.14044401544401544	0.13142580019398642	0.15469348659003831	0.17868116284566296	0.11819291819291819	0.17523087852237745	0.14536702767749698	0.1661113755354593	0.12186205215695832	0.0	0.1538092956396742	0.15513526454393106	0.13142580019398642	0.11773326819736199	0.13368854444175346	0.14223722275795564	0.16872623574144488	0.12824872479961136	0.22524182404421925	0.17781981555923387	0.16567483932397048	0.17393364928909952	0.15690026309495336	0.13684719535783366	0.14893105933221235	0.15645933014354066	0.2215555042695592	0.12915756251517357	0.1773888363292337
S131.8274_S33	0.17263457434194926	0.18168947616800377	0.15998089780324737	0.16785544460294816	0.19107981220657277	0.19573870287988762	0.15115163147792707	0.16217505366086335	0.15070794336453083	0.1889541715628672	0.17609467455621303	0.17003087152695323	0.17566287878787878	0.16523809523809524	0.16829094366531971	0.16741973840665875	0.21579069228988193	0.1735008295804693	0.15513526454393106	0.13187878787878787	0.16785544460294816	0.15954143778361596	0.14447387430772934	0.17523087852237745	0.20289179104477612	0.1538092956396742	0.17911153119092627	0.18511540273198304	0.19235280319024162	0.16348903717826502	0.1538092956396742	0.0	0.15998089780324737	0.16654770402093744	0.17523087852237745	0.1529242569511026	0.16829094366531971	0.22809841342837434	0.13233155598642754	0.2049848590729094	0.1868235294117647	0.18511540273198304	0.18980502701432933	0.1626132570338579	0.17695765318192572	0.1722011385199241	0.16916132097885483	0.20037365716954694	0.1661113755354593	0.16567483932397048
S132.8297_S34	0.17133364973896537	0.17003087152695323	0.17003087152695323	0.17003087152695323	0.1881025158711498	0.19531615925058549	0.14536702767749698	0.16173664122137404	0.14581328200192492	0.17911153119092627	0.1773888363292337	0.16872623574144488	0.17781981555923387	0.17523087852237745	0.15998089780324737	0.16872623574144488	0.21123491179201487	0.16348903717826502	0.15734098517455763	0.13323643410852712	0.18639679924688163	0.16348903717826502	0.15203836930455636	0.1773888363292337	0.2049848590729094	0.14715075739360423	0.16654770402093744	0.18554273604897575	0.19192867198498356	0.16217505366086335	0.15513526454393106	0.15998089780324737	0.0	0.16436398284897571	0.16872623574144488	0.14893105933221235	0.16436398284897571	0.21455050973123263	0.1345921084483176	0.2236053480866759	0.1881025158711498	0.18040141676505314	0.18937969924812031	0.1630512514898689	0.173067804646752	0.17263457434194926	0.16436398284897571	0.22073424151466173	0.1630512514898689	0.17393364928909952
S133.8222_S35	0.11911154503295093	0.1722011385199241	0.14044401544401544	0.15734098517455763	0.15734098517455763	0.14447387430772934	0.10197044334975369	0.12186205215695832	0.10616859179159499	0.1735008295804693	0.13729755861735557	0.14804133621725546	0.14313253012048194	0.20289179104477612	0.14536702767749698	0.13729755861735557	0.1735008295804693	0.13006551807813638	0.12460452664881966	0.11358629130966952	0.16959619952494062	0.12369125882639397	0.15159510674022547	0.14089264173703256	0.15998089780324737	0.10383858267716535	0.1722011385199241	0.15998089780324737	0.1612980195657361	0.12140419307654803	0.13142580019398642	0.16654770402093744	0.16436398284897571	0.0	0.13278410467652046	0.12688381137579	0.1309725927722532	0.19573870287988762	0.1259727626459144	0.24184348619666896	0.173067804646752	0.15734098517455763	0.15954143778361596	0.15469348659003831	0.13187878787878787	0.14223722275795564	0.15336688233884496	0.2227859778597786	0.10849288168875798	0.19320046893317702
S134.8546_S36	0.13639661426844016	0.1722011385199241	0.13684719535783366	0.17479867361440077	0.16436398284897571	0.14536702767749698	0.10290497291974397	0.1080284802356985	0.12460452664881966	0.18468786808009424	0.14447387430772934	0.15336688233884496	0.14848630466122056	0.2012138188608777	0.14625932162617272	0.15248141932390313	0.16217505366086335	0.14089264173703256	0.13368854444175346	0.13006551807813638	0.18254716981132074	0.13368854444175346	0.14268498433357435	0.15159510674022547	0.16959619952494062	0.1121999020088192	0.1876763875823142	0.14492055849783342	0.16741973840665875	0.11034820990681707	0.11773326819736199	0.17523087852237745	0.16872623574144488	0.13278410467652046	0.0	0.14044401544401544	0.14357986027463263	0.1889541715628672	0.1341404358353511	0.24264538198403648	0.18083097261567516	0.17133364973896537	0.17695765318192572	0.16959619952494062	0.1417892452375211	0.1502640422467595	0.1630512514898689	0.2285057471264368	0.1149706457925636	0.19995328194347115
S135.8381_S37	0.1350435624394966	0.15866188769414577	0.1417892452375211	0.14893105933221235	0.16217505366086335	0.15645933014354066	0.114509420112552	0.13051916545366327	0.10663390663390664	0.1555768310196266	0.14313253012048194	0.14134105161601543	0.13999517258025584	0.18468786808009424	0.1350435624394966	0.13323643410852712	0.1765262659725509	0.14313253012048194	0.12506082725060827	0.10383858267716535	0.15954143778361596	0.12323429128105212	0.14492055849783342	0.1377477042049299	0.17003087152695323	0.11819291819291819	0.15954143778361596	0.15601818616893995	0.15734098517455763	0.1264283977631899	0.13368854444175346	0.1529242569511026	0.14893105933221235	0.12688381137579	0.14044401544401544	0.0	0.13323643410852712	0.19869097709209912	0.11635296993400146	0.2285057471264368	0.16916132097885483	0.13999517258025584	0.16348903717826502	0.13639661426844016	0.1377477042049299	0.1417892452375211	0.14223722275795564	0.20749011397999534	0.12094611070470616	0.16785544460294816
S136.8391_S38	0.12733900364520048	0.1704653371320038	0.14759615384615385	0.1626132570338579	0.16785544460294816	0.14715075739360423	0.11127450980392156	0.13006551807813638	0.10523727563314482	0.1648011431293165	0.14357986027463263	0.14357986027463263	0.14134105161601543	0.2012138188608777	0.15159510674022547	0.1390968365129196	0.18126032570214776	0.1345921084483176	0.13006551807813638	0.12551690586232062	0.1773888363292337	0.13187878787878787	0.15778149653358833	0.14357986027463263	0.16436398284897571	0.1158924205378973	0.17566287878787878	0.15645933014354066	0.1630512514898689	0.12140419307654803	0.14223722275795564	0.16829094366531971	0.16436398284897571	0.1309725927722532	0.14357986027463263	0.13323643410852712	0.0	0.2016336056009335	0.13142580019398642	0.24264538198403648	0.16872623574144488	0.1529242569511026	0.16741973840665875	0.15469348659003831	0.13278410467652046	0.14492055849783342	0.15778149653358833	0.2285057471264368	0.11865234375	0.18980502701432933
S137.8574_S39	0.2016336056009335	0.19784845650140317	0.19192867198498356	0.22524182404421925	0.22524182404421925	0.228912893587681	0.19277673545966229	0.20331079505712288	0.18980502701432933	0.22073424151466173	0.2215555042695592	0.2099883855981417	0.20707305723592367	0.25339981867633726	0.19404734005155846	0.20414821719878817	0.2394334018734293	0.20331079505712288	0.19573870287988762	0.19320046893317702	0.231757687012391	0.20414821719878817	0.20749011397999534	0.2141367323290846	0.2333791838606144	0.19192867198498356	0.2285057471264368	0.2087401208740121	0.22646720368239356	0.18937969924812031	0.16872623574144488	0.22809841342837434	0.21455050973123263	0.19573870287988762	0.1889541715628672	0.19869097709209912	0.2016336056009335	0.0	0.19107981220657277	0.2864131643317767	0.23256880733944954	0.21867776236708275	0.228912893587681	0.21785383903792785	0.20247259155586658	0.2087401208740121	0.2215555042695592	0.2860320284697509	0.19869097709209912	0.24982966159436748
S138.8047_S40	0.1287032540067994	0.15248141932390313	0.1381976322783281	0.14804133621725546	0.15954143778361596	0.1538092956396742	0.09681402815510003	0.11773326819736199	0.10849288168875798	0.15734098517455763	0.1377477042049299	0.13594581519109822	0.14089264173703256	0.1648011431293165	0.13954611298889424	0.13233155598642754	0.17393364928909952	0.13051916545366327	0.12231968810916179	0.10009861932938856	0.15513526454393106	0.12231968810916179	0.12688381137579	0.14044401544401544	0.16392661424827257	0.10616859179159499	0.14447387430772934	0.14625932162617272	0.15822179732313577	0.1264283977631899	0.12824872479961136	0.13233155598642754	0.1345921084483176	0.1259727626459144	0.1341404358353511	0.11635296993400146	0.13142580019398642	0.19107981220657277	0.0	0.2095724907063197	0.16567483932397048	0.15425149700598803	0.16436398284897571	0.14089264173703256	0.13954611298889424	0.13549479796757802	0.14044401544401544	0.1991119420425333	0.12002927543303245	0.16173664122137404
